2 5 12 0
4 15 16 0
12 31 33 0
13 33 39 0
18 47 51 0
23 60 66 0
25 66 67 0
33 82 100 0
39 101 105 -1
41 109 117 0
46 122 118 -5
48 131 144 -5
52 145 158 0
56 162 166 -3
58 169 176 0
62 183 184 0
64 185 197 -1
69 199 200 0
72 203 207 -1
74 209 213 0
78 220 221 0
84 241 248 0
89 255 261 0
95 270 272 0
100 289 290 0
101 294 296 0
103 301 302 0
107 311 318 0
109 318 328 0
114 337 333 -5
115 342 359 0
123 365 363 -3
125 371 371 -3
126 373 393 0
139 401 409 0
143 413 414 0
146 427 431 -5
148 435 452 -3
153 452 466 0
162 479 480 0
165 490 504 0
175 519 533 0
180 534 539 0
186 552 557 0
189 564 566 0
192 575 572 -5
194 583 581 -4
198 595 596 0
199 598 609 0
204 610 625 0
208 625 627 0
216 646 659 0
226 671 690 0
236 701 718 0
248 736 746 0
255 754 762 0
261 769 770 -4
263 776 778 -3
268 789 808 0
275 810 830 0
284 840 844 0
285 845 847 0
288 855 863 -4
292 868 867 -4
295 873 885 0
302 890 905 0
310 912 917 -3
319 931 946 0
324 949 948 -3
325 951 964 0
330 966 969 0
334 975 989 0
341 998 1018 0
350 1028 1034 0
354 1042 1055 0
358 1055 1057 0
362 1063 1079 0
368 1085 1085 -5
375 1103 1114 0
381 1124 1134 0
384 1135 1139 0
400 1182 1183 0
401 1186 1193 0
404 1195 1200 0
407 1203 1218 -2
414 1222 1221 -3
417 1230 1235 0
421 1241 1246 0
424 1250 1247 -4
426 1258 1260 -4
427 1262 1270 0
436 1284 1300 0
442 1301 1305 0
445 1312 1324 -5
448 1324 1341 0
455 1343 1350 0
458 1352 1365 0
463 1367 1386 0
474 1402 1406 0
477 1407 1415 -1
481 1422 1428 -5
485 1438 1444 0
490 1454 1466 0
500 1482 1490 0
506 1497 1517 0
514 1522 1521 -3
517 1528 1539 0
523 1544 1545 -4
524 1546 1549 0
528 1559 1562 0
536 1580 1598 0
545 1602 1601 -3
546 1606 1626 0
554 1628 1631 -2
561 1644 1647 0
563 1652 1665 -4
572 1676 1696 0
585 1716 1727 0
589 1729 1742 0
596 1748 1756 0
606 1772 1774 0
607 1776 1793 0
612 1794 1811 0
622 1823 1833 0
626 1835 1844 -2
630 1847 1860 0
637 1864 1868 -3
639 1871 1874 -3
641 1875 1876 -1
649 1897 1911 0
657 1926 1943 0
664 1945 1948 0
666 1952 1972 0
675 1979 1983 -4
677 1986 1990 -2
682 2002 2012 0
687 2017 2031 0
693 2033 2052 0
702 2061 2063 0
704 2066 2082 -1
711 2092 2107 0
717 2115 2122 0
720 2123 2134 0
726 2140 2157 0
736 2167 2186 0
742 2186 2188 0
746 2198 2199 0
752 2214 2226 0
758 2235 2252 0
766 2258 2260 -5
768 2264 2264 -3
775 2290 2301 0
782 2311 2313 0
784 2315 2330 -2
791 2333 2350 0
802 2366 2378 0
813 2391 2407 0
821 2415 2427 0
824 2427 2432 0
833 2447 2455 0
836 2458 2459 -3
837 2460 2472 0
844 2479 2485 0
848 2491 2511 0
859 2523 2525 0
861 2529 2532 -4
862 2533 2540 0
864 2542 2558 0
870 2560 2565 0
873 2567 2576 0
879 2582 2583 -2
881 2591 2594 -5
883 2599 2596 -5
884 2603 2609 0
886 2611 2617 0
894 2634 2643 0
896 2643 2647 0
900 2661 2669 0
904 2673 2671 -4
906 2676 2681 -2
910 2690 2693 0
912 2698 2700 -5
915 2705 2707 0
916 2708 2711 0
919 2715 2727 -1
924 2732 2734 0
925 2735 2740 0
927 2745 2751 0
930 2756 2766 -1
934 2770 2774 -3
939 2780 2781 0
944 2796 2800 0
946 2804 2802 -4
947 2807 2810 0
950 2813 2814 -3
951 2816 2834 0
958 2835 2846 0
966 2855 2859 0
976 2882 2901 0
989 2917 2923 0
993 2928 2929 -4
995 2932 2938 -3
998 2939 2949 0
1004 2958 2961 0
1010 2976 2989 0
1022 3019 3024 0
1024 3025 3042 0
1029 3042 3047 0
1039 3076 3092 0
1045 3092 3098 0
1048 3102 3101 -4
1052 3112 3115 0
1054 3118 3134 -1
1058 3134 3141 0
1072 3173 3190 0
1077 3191 3196 0
1083 3208 3212 0
1088 3220 3231 0
1092 3232 3237 0
1104 3275 3282 0
1108 3290 3300 -5
1112 3302 3322 0
1120 3335 3336 0
1126 3353 3356 0
1130 3362 3365 -4
1132 3368 3372 -3
1135 3380 3386 0
1137 3387 3395 0
1145 3406 3410 0
1146 3410 3414 0
1149 3421 3423 -4
1151 3429 3435 -3
1153 3435 3443 0
1157 3449 3451 -3
1159 3455 3456 -1
1163 3467 3475 0
1169 3486 3496 0
1172 3498 3506 0
1176 3510 3511 -3
1177 3513 3532 0
1191 3549 3551 0
1193 3556 3568 -5
1199 3571 3575 -1
1206 3589 3599 0
1212 3607 3610 0
1219 3630 3641 0
1222 3641 3651 0
1229 3660 3662 0
1231 3663 3676 -1
1235 3677 3688 0
1238 3691 3701 0
1242 3705 3713 0
1246 3718 3720 -5
1247 3720 3724 0
1251 3725 3729 0
1254 3736 3751 -4
1262 3758 3773 0
1274 3783 3784 0
1276 3786 3801 -1
1286 3810 3812 0
1291 3823 3831 0
1298 3845 3859 0
1303 3864 3879 -4
1309 3881 3894 0
1320 3911 3914 0
1322 3921 3923 -5
1330 3938 3945 0
1334 3945 3946 0
1336 3949 3959 0
1342 3963 3960 -4
1343 3964 3965 0
1345 3967 3982 0
1350 3985 3993 -2
1353 3993 3999 0
1358 4001 4011 0
1363 4017 4030 -2
1370 4038 4045 -4
1375 4057 4065 0
1380 4069 4067 -4
1387 4090 4109 0
1397 4122 4125 0
1399 4129 4130 -4
1400 4132 4139 0
1404 4141 4155 -1
1411 4165 4175 0
1417 4188 4192 0
1421 4204 4224 0
1436 4247 4260 0
1442 4263 4263 -3
1444 4270 4272 -3
1448 4283 4299 0
1453 4302 4316 0
1461 4330 4338 0
1469 4352 4358 0
1472 4362 4359 -4
1483 4387 4401 0
1488 4404 4405 -1
1489 4405 4421 0
1497 4429 4447 0
1505 4452 4468 -2
1512 4472 4479 0
1514 4479 4482 0
1516 4486 4495 0
1520 4502 4509 -3
1529 4530 4532 0
1530 4532 4542 0
1536 4549 4555 0
1539 4560 4564 -4
1544 4573 4588 0
1550 4591 4590 -3
1557 4613 4614 0
1562 4624 4636 0
1567 4637 4650 0
1571 4651 4667 0
1576 4669 4672 0
1578 4679 4696 0
1585 4697 4707 0
1592 4720 4730 0
1598 4740 4741 0
1599 4743 4747 0
1601 4750 4758 0
1610 4779 4780 0
1613 4787 4801 0
1617 4802 4805 0
1619 4807 4816 0
1623 4818 4820 -2
1627 4833 4838 0
1631 4847 4860 0
1637 4866 4871 0
1640 4871 4879 0
1648 4891 4901 0
1655 4910 4916 0
1661 4931 4932 0
1662 4932 4939 0
1666 4946 4966 0
1680 4985 4999 0
1690 5014 5023 0
1694 5025 5026 0
1700 5049 5056 0
1704 5063 5071 0
1711 5084 5101 0
1717 5104 5110 -1
1720 5110 5130 0
1725 5131 5137 0
1729 5144 5145 0
1734 5164 5170 0
1736 5170 5179 0
1741 5183 5184 0
1754 5224 5230 0
1764 5253 5260 0
1770 5273 5291 0
1780 5295 5310 -4
1785 5314 5320 -3
1789 5324 5327 -2
1793 5333 5336 0
1801 5352 5357 0
1813 5385 5396 0
1821 5412 5428 0
1828 5432 5436 -1
1831 5440 5452 -2
1834 5454 5461 0
1837 5465 5474 0
1844 5478 5483 -4
1848 5491 5499 0
1852 5499 5505 0
1855 5506 5519 0
1861 5526 5531 -5
1863 5532 5539 -1
1866 5541 5552 0
1873 5562 5564 0
1876 5575 5580 0
1881 5591 5602 0
1889 5617 5636 0
1899 5642 5640 -4
1901 5647 5658 -1
1907 5662 5680 0
1913 5680 5693 0
1918 5698 5713 -3
1923 5713 5721 0
1925 5722 5726 0
1927 5730 5744 0
1931 5746 5753 0
1935 5758 5755 -4
1938 5772 5780 0
1941 5780 5781 0
1943 5783 5785 0
1950 5803 5819 0
1957 5828 5829 0
1958 5832 5842 0
1962 5848 5859 -4
1973 5886 5890 0
1976 5897 5910 -5
1983 5917 5933 0
1993 5950 5959 0
1998 5966 5964 -5
1999 5967 5975 0
2001 5975 5979 0
2008 5996 6002 0
2010 6005 6008 0
2012 6012 6013 0
2014 6018 6038 0
2023 6043 6041 -3
2026 6056 6057 0
2027 6061 6069 0
2030 6073 6086 0
2034 6086 6094 0
2039 6100 6100 -4
2040 6105 6122 0
2048 6126 6146 0
2061 6158 6161 0
2065 6166 6177 0
2070 6181 6189 -4
2075 6196 6196 -3
2077 6203 6219 -4
2082 6223 6221 -4
2085 6234 6251 0
2091 6251 6268 0
2097 6270 6271 -1
2100 6277 6278 0
2105 6289 6299 0
2111 6310 6311 0
2112 6312 6325 0
2119 6334 6335 0
2121 6340 6351 -4
2127 6358 6364 0
2133 6380 6399 0
2140 6401 6421 0
2145 6423 6427 0
2147 6433 6445 0
2151 6448 6463 -2
2159 6465 6466 0
2162 6476 6478 -5
2166 6494 6498 0
2172 6514 6524 0
2176 6527 6545 -2
2182 6545 6546 0
2184 6551 6552 0
2195 6582 6599 0
2201 6604 6614 -5
2206 6617 6622 -3
2210 6630 6646 0
2217 6655 6652 -5
2219 6660 6661 -3
2222 6669 6670 0
2225 6681 6700 0
2232 6706 6714 -5
2239 6725 6730 0
2242 6732 6740 -2
2247 6749 6751 0
2248 6754 6755 0
2251 6762 6770 -5
2255 6773 6781 0
2260 6786 6795 -4
2266 6802 6814 0
2274 6820 6826 0
2281 6843 6859 0
2287 6870 6883 0
2293 6891 6894 -5
2295 6901 6903 -5
2298 6912 6914 0
2300 6917 6926 0
2302 6927 6933 0
2304 6936 6940 0
2306 6943 6948 0
2310 6959 6964 0
2316 6973 6979 0
2321 6990 7000 0
2324 7001 7013 0
2328 7014 7016 -1
2329 7016 7035 0
2338 7039 7036 -4
2341 7048 7064 0
2349 7074 7076 0
2353 7086 7087 0
2357 7099 7118 0
2373 7143 7154 0
2380 7169 7175 0
2383 7176 7189 -1
2389 7189 7194 0
2398 7217 7224 0
2402 7231 7238 0
2410 7247 7250 0
2414 7256 7263 0
2416 7264 7277 0
2424 7293 7303 0
2427 7303 7304 0
2429 7308 7311 0
2431 7315 7316 0
2434 7323 7320 -4
2435 7326 7329 0
2439 7334 7335 0
2441 7341 7352 -5
2445 7355 7357 -3
2447 7360 7373 -1
2455 7383 7386 0
2456 7387 7397 0
2459 7397 7399 0
2472 7437 7444 0
2475 7448 7445 -4
2477 7455 7466 -5
2482 7470 7467 -4
2484 7477 7474 -4
2488 7493 7510 0
2499 7520 7522 0
2500 7523 7534 0
2504 7542 7545 -4
2507 7547 7548 -1
2509 7553 7552 -3
2511 7562 7561 -4
2513 7567 7576 -2
2519 7583 7586 0
2522 7588 7588 -1
2523 7591 7598 0
2530 7607 7611 0
2532 7615 7623 0
2535 7629 7625 -5
2539 7641 7651 0
2543 7652 7665 0
2549 7673 7681 0
2556 7696 7700 0
2558 7703 7705 0
2560 7710 7724 0
2571 7747 7750 0
2575 7760 7763 0
2579 7767 7769 -2
2581 7773 7781 -4
2585 7783 7794 0
2589 7800 7804 -4
2596 7823 7830 0
2600 7830 7845 0
2606 7849 7857 0
2608 7858 7873 0
2615 7878 7890 0
2619 7890 7891 0
2622 7897 7898 -3
2624 7903 7905 -1
2627 7914 7926 0
2633 7928 7942 -2
2640 7946 7966 0
2650 7974 7978 -5
2654 7986 8003 0
2660 8011 8010 -5
2663 8017 8019 0
2666 8029 8034 0
2670 8037 8044 0
2674 8045 8045 -1
2680 8061 8067 0
2682 8069 8079 0
2687 8080 8084 0
2692 8093 8096 0
2693 8096 8098 0
2700 8117 8134 0
2705 8134 8146 0
2710 8152 8156 -5
2712 8158 8169 0
2718 8180 8182 0
2719 8182 8189 0
2723 8192 8200 0
2725 8202 8218 0
2732 8221 8221 -3
2735 8225 8230 0
2737 8231 8238 0
2748 8259 8261 0
2749 8264 8269 0
2757 8288 8295 0
2761 8301 8316 -4
2765 8319 8329 0
2768 8333 8338 0
2770 8338 8342 0
2781 8366 8383 0
2787 8384 8387 -1
2789 8390 8404 -2
2794 8409 8411 -5
2795 8413 8421 0
2801 8428 8445 0
2806 8448 8461 0
2815 8472 8485 0
2823 8491 8490 -2
2824 8492 8495 0
2826 8501 8513 0
2832 8521 8538 0
2838 8538 8541 0
2840 8541 8546 0
2846 8554 8563 0
2849 8565 8577 -2
2854 8583 8600 -3
2863 8610 8619 0
2866 8619 8621 0
2868 8626 8629 0
2871 8632 8634 -3
2872 8634 8635 0
2874 8643 8645 0
2877 8654 8666 -4
2882 8670 8671 -4
2890 8689 8692 0
2896 8712 8724 0
2901 8724 8727 0
2904 8729 8733 -1
2909 8744 8748 0
2914 8760 8763 0
2915 8763 8767 0
2923 8786 8790 0
2926 8793 8803 0
2934 8812 8829 0
2945 8843 8844 0
2947 8852 8863 -5
2950 8866 8868 0
2956 8884 8890 0
2959 8895 8894 -2
2963 8903 8911 0
2970 8922 8930 0
2975 8932 8938 0
2984 8955 8957 0
2986 8961 8967 -2
2990 8971 8982 0
2998 8995 9002 0
3001 9008 9022 -5
3007 9022 9033 0
3012 9036 9044 -3
3014 9046 9047 0
3016 9056 9057 0
3021 9071 9085 0
3024 9085 9098 0
3031 9109 9117 0
3036 9122 9126 -1
3038 9131 9129 -4
3043 9145 9160 0
3049 9163 9162 -2
3051 9167 9167 -1
3054 9178 9186 0
3062 9200 9213 0
3066 9216 9229 -3
3073 9233 9244 0
3077 9246 9254 0
3083 9260 9261 0
3084 9262 9270 0
3088 9274 9277 -4
3090 9278 9279 0
3093 9290 9301 -3
3099 9309 9322 0
3104 9324 9333 0
3106 9334 9338 0
3108 9340 9349 0
3119 9359 9374 0
3125 9384 9388 0
3126 9388 9403 0
3132 9408 9412 -3
3135 9415 9427 -3
3141 9436 9446 0
3146 9447 9449 0
3148 9449 9456 0
3152 9461 9472 -3
3156 9475 9479 -1
3160 9479 9482 0
3164 9489 9494 -3
3166 9494 9501 0
3169 9507 9511 -4
3171 9514 9525 -3
3176 9525 9534 0
3180 9534 9539 0
3184 9550 9554 0
3185 9555 9560 0
3188 9563 9564 -3
3190 9569 9578 -1
3197 9588 9593 0
3200 9597 9608 -3
3206 9610 9624 -1
3218 9644 9649 0
3224 9666 9674 0
3228 9680 9695 -5
3235 9700 9703 0
3242 9722 9729 0
3244 9730 9732 0
3247 9736 9753 -1
3257 9764 9773 0
3262 9777 9777 -3
3263 9778 9780 0
3265 9780 9793 0
3273 9800 9803 -4
3274 9805 9824 0
3278 9825 9827 0
3281 9833 9835 -2
3285 9840 9841 0
3286 9844 9854 0
3293 9861 9865 0
3295 9866 9867 -1
3297 9870 9878 -2
3302 9880 9886 -1
3309 9901 9915 0
3315 9917 9934 -2
3322 9938 9944 0
3325 9949 9949 -4
3328 9960 9979 0
3339 9988 10004 0
3345 10007 10014 0
3349 10016 10020 0
3353 10029 10031 0
3355 10036 10050 -5
3362 10058 10076 0
3368 10078 10082 0
3374 10096 10107 0
3379 10113 10113 -5
3381 10119 10129 -3
3390 10150 10156 0
3392 10159 10167 0
3395 10167 10179 0
3402 10184 10187 -4
3405 10196 10198 0
3412 10213 10232 0
3420 10232 10245 0
3425 10250 10265 0
3431 10272 10269 -5
3433 10277 10281 -2
3435 10284 10293 0
3439 10300 10302 0
3446 10317 10334 0
3453 10338 10345 -2
3455 10347 10366 0
3464 10382 10388 0
3467 10389 10402 -1
3473 10407 10410 0
3474 10410 10412 0
3481 10432 10446 0
3485 10448 10451 0
3488 10455 10462 -4
3492 10463 10475 -1
3501 10494 10512 0
3507 10515 10525 0
3518 10551 10555 0
3519 10556 10561 0
3524 10574 10583 0
3531 10592 10605 0
3539 10613 10622 0
3545 10629 10631 0
3546 10633 10637 0
3552 10650 10660 0
3557 10665 10676 0
3561 10677 10697 0
3568 10704 10710 -3
3572 10719 10724 0
3576 10729 10736 0
3581 10743 10758 0
3585 10758 10777 0
3593 10778 10797 0
3604 10812 10813 0
3609 10829 10830 0
3613 10841 10846 0
3616 10852 10856 -2
3618 10860 10863 -3
3619 10865 10875 0
3623 10879 10887 -4
3627 10894 10900 -5
3637 10923 10926 0
3641 10935 10950 0
3648 10952 10956 0
3653 10966 10977 0
3658 10981 10985 -2
3659 10986 10990 0
3662 10991 11006 0
3673 11016 11022 0
3676 11025 11030 -2
3679 11034 11046 -1
3686 11053 11057 0
3689 11066 11066 -5
3690 11070 11073 0
3693 11079 11088 -2
3697 11091 11094 -2
3704 11113 11119 0
3710 11129 11135 0
3718 11149 11169 0
3726 11176 11182 0
3731 11191 11198 0
3735 11203 11205 0
3736 11207 11212 0
3740 11216 11221 0
3742 11224 11232 -3
3745 11232 11233 0
3750 11249 11261 0
3755 11266 11262 -5
3757 11273 11287 -5
3769 11305 11316 0
3773 11320 11324 0
3776 11330 11342 -5
3783 11346 11347 0
3784 11350 11363 0
3789 11370 11379 -5
3791 11379 11391 0
3795 11392 11401 0
3800 11406 11413 0
3804 11416 11417 0
3806 11422 11432 -5
3811 11436 11441 -4
3813 11443 11450 0
3817 11456 11461 -4
3819 11462 11473 0
3827 11485 11486 0
3828 11487 11506 0
3837 11513 11525 0
3843 11530 11531 0
3847 11543 11554 0
3854 11563 11566 0
3857 11569 11584 -3
3864 11588 11589 0
3865 11591 11604 0
3870 11605 11609 0
3873 11614 11629 -1
3880 11631 11645 0
3887 11651 11658 -4
3891 11663 11667 -5
3900 11689 11695 0
3905 11707 11723 0
3913 11731 11728 -4
3915 11737 11739 -3
3917 11744 11743 -4
3921 11752 11757 0
3922 11757 11760 0
3931 11782 11794 0
3935 11797 11798 0
3946 11832 11842 0
3951 11845 11845 -2
3954 11856 11865 0
3960 11874 11878 0
3961 11878 11891 0
3969 11901 11904 0
3970 11905 11921 0
3978 11925 11938 0
3989 11957 11972 0
3995 11977 11981 -3
4000 11992 12010 0
4006 12015 12019 -5
4009 12023 12023 -1
4011 12028 12030 -1
4017 12048 12054 0
4021 12058 12057 -3
4022 12059 12060 0
4024 12067 12078 0
4031 12088 12104 0
4039 12107 12123 -1
4048 12131 12134 0
4049 12134 12135 0
4051 12137 12138 0
4053 12141 12142 0
4055 12143 12150 0
4061 12155 12166 0
4069 12178 12180 0
4071 12180 12185 0
4073 12186 12198 0
4079 12202 12217 0
4094 12242 12257 0
4100 12266 12265 -5
4101 12268 12275 0
4106 12282 12290 -5
4110 12298 12297 -5
4113 12309 12329 0
4122 12335 12343 -3
4124 12344 12364 0
4131 12365 12370 0
4133 12373 12376 0
4136 12383 12392 -3
4145 12411 12430 0
4155 12442 12456 0
4162 12462 12468 -4
4165 12472 12471 -3
4168 12478 12479 0
4170 12488 12485 -5
4181 12514 12534 0
4189 12542 12545 0
4191 12547 12560 -2
4201 12580 12584 0
4207 12595 12610 0
4215 12619 12630 0
4219 12632 12633 -2
4221 12638 12637 -5
4224 12649 12654 0
4225 12654 12662 0
4231 12671 12683 0
4237 12688 12693 0
4243 12697 12708 0
4248 12715 12730 -5
4252 12730 12734 0
4254 12739 12745 0
4256 12749 12753 0
4260 12762 12763 0
4263 12770 12773 0
4264 12774 12776 0
4268 12786 12793 0
4271 12798 12799 -5
4273 12804 12806 -2
4276 12810 12821 0
4282 12826 12842 -4
4293 12850 12851 0
4296 12854 12870 0
4302 12874 12879 0
4305 12888 12892 -5
4306 12893 12903 0
4310 12908 12906 -5
4311 12909 12923 0
4315 12923 12925 0
4317 12930 12931 0
4321 12945 12965 0
4333 12979 12984 0
4336 12986 12999 0
4341 13006 13017 -4
4350 13033 13039 0
4355 13049 13061 0
4361 13066 13069 -5
4367 13086 13096 0
4373 13101 13104 -5
4384 13128 13133 0
4386 13135 13137 0
4389 13143 13143 -1
4396 13164 13176 0
4400 13179 13182 -3
4401 13184 13191 0
4410 13208 13212 0
4418 13222 13233 0
4426 13249 13251 0
4427 13253 13270 0
4437 13279 13286 0
4440 13291 13291 -4
4441 13293 13302 0
4445 13303 13322 -1
4453 13329 13338 0
4459 13346 13359 0
4462 13360 13363 0
4464 13367 13382 0
4469 13382 13391 0
4483 13417 13425 0
4487 13425 13435 0
4490 13439 13453 -4
4498 13461 13469 0
4504 13472 13491 -1
4516 13517 13520 0
4518 13522 13523 -1
4519 13524 13530 0
4522 13537 13541 -5
4524 13543 13545 0
4528 13556 13564 0
4541 13599 13603 0
4544 13612 13613 0
4546 13622 13625 -5
4548 13626 13634 -1
4552 13640 13654 -3
4555 13654 13665 0
4561 13669 13675 -4
4568 13693 13713 0
4587 13730 13733 0
4589 13736 13742 -3
4593 13745 13747 0
4601 13770 13779 0
4606 13784 13793 -1
4610 13796 13794 -3
4613 13809 13812 0
4617 13818 13828 0
4620 13828 13833 0
4626 13847 13861 0
4632 13865 13878 0
4638 13887 13900 0
4644 13904 13902 -3
4646 13910 13913 -1
4647 13915 13922 0
4650 13925 13934 -1
4656 13942 13944 0
4658 13950 13963 -5
4666 13978 13993 0
4672 13994 14010 -1
4683 14017 14018 0
4684 14019 14032 0
4691 14039 14041 0
4692 14043 14060 0
4698 14067 14074 -5
4702 14078 14075 -4
4711 14101 14119 0
4717 14124 14140 -3
4723 14143 14156 0
4730 14160 14170 -2
4736 14179 14183 0
4740 14191 14192 0
4742 14195 14210 -3
4755 14236 14253 0
4763 14257 14260 -4
4771 14280 14286 0
4774 14291 14290 -3
4777 14297 14307 0
4781 14308 14310 0
4783 14314 14321 0
4785 14323 14333 0
4791 14345 14350 0
4798 14365 14385 0
4811 14409 14429 0
4825 14445 14454 0
4831 14462 14465 0
4832 14466 14472 0
4836 14473 14477 0
4839 14482 14483 -4
4840 14483 14497 0
4847 14502 14504 0
4848 14505 14524 0
4866 14556 14568 0
4872 14571 14577 -2
4874 14581 14597 0
4881 14598 14609 0
4884 14609 14624 0
4888 14624 14641 0
4895 14644 14645 0
4898 14651 14661 -2
4903 14669 14676 0
4907 14681 14687 0
4909 14687 14695 0
4912 14700 14699 -3
4914 14706 14707 -3
4915 14710 14715 0
4919 14719 14721 -2
4921 14724 14739 0
4925 14739 14743 0
4927 14746 14761 0
4939 14776 14789 0
4944 14792 14803 -2
4949 14806 14814 -3
4952 14819 14823 -5
4962 14846 14854 0
4969 14865 14881 0
4980 14895 14905 0
4991 14930 14937 0
4995 14943 14939 -5
5000 14956 14957 0
5002 14966 14973 -5
5005 14975 14976 -1
5009 14983 14995 0
5025 15028 15044 0
5034 15061 15068 0
5038 15071 15076 -3
5042 15083 15086 0
5046 15091 15092 0
5047 15092 15094 0
5050 15101 15105 -1
5054 15109 15122 0
5062 15133 15136 0
5064 15141 15137 -5
5066 15144 15161 -2
5074 15169 15170 -4
5075 15172 15178 0
5085 15187 15203 0
5092 15208 15219 -3
5097 15224 15222 -3
5100 15236 15250 0
5104 15250 15267 0
5110 15267 15273 0
5114 15279 15281 -4
5116 15284 15287 -2
5118 15294 15295 -5
5121 15299 15311 0
5126 15316 15323 -4
5130 15332 15336 -5
5132 15340 15349 -4
5135 15352 15354 -3
5139 15362 15364 0
5140 15364 15374 0
5144 15379 15392 -4
5152 15403 15413 0
5163 15432 15436 0
5165 15438 15444 0
5169 15446 15449 -1
5172 15456 15460 0
5178 15470 15471 0
5179 15472 15474 0
5185 15485 15489 0
5188 15496 15502 -5
5197 15526 15536 0
5202 15538 15539 -2
5205 15544 15555 0
5211 15562 15561 -5
5217 15575 15581 0
5219 15581 15585 0
5222 15591 15590 -2
5223 15596 15602 0
5225 15603 15604 0
5229 15615 15622 0
5237 15628 15633 0
5241 15641 15641 -4
5242 15645 15646 0
5245 15657 15653 -5
5246 15662 15663 0
5253 15678 15679 0
5256 15689 15695 0
5260 15700 15700 -2
5261 15702 15705 0
5270 15729 15736 0
5275 15745 15749 0
5278 15752 15761 -1
5283 15763 15770 -1
5286 15770 15771 0
5289 15778 15790 -3
5297 15803 15813 0
5299 15813 15816 0
5302 15824 15829 -3
5310 15850 15857 0
5313 15857 15867 0
5322 15884 15887 0
5327 15900 15903 0
5329 15905 15906 -1
5332 15915 15924 0
5337 15932 15950 0
5346 15960 15979 0
5356 15992 16004 0
5364 16012 16030 0
5369 16030 16031 0
5372 16037 16048 -1
5378 16059 16066 0
5382 16067 16081 0
5387 16089 16097 -5
5391 16104 16109 -5
5398 16133 16141 0
5402 16142 16144 0
5405 16150 16163 -2
5414 16169 16170 0
5419 16187 16206 0
5426 16207 16209 0
5428 16214 16215 0
5439 16246 16261 0
5447 16267 16266 -5
5452 16281 16283 0
5454 16289 16300 -5
5462 16307 16312 0
5465 16315 16314 -2
5467 16325 16340 -5
5473 16344 16345 -4
5475 16347 16361 -1
5484 16374 16376 0
5486 16376 16381 0
5492 16392 16397 0
5497 16405 16417 0
5509 16439 16443 0
5511 16446 16452 -2
5513 16455 16456 0
5517 16466 16467 0
5520 16477 16492 0
5529 16500 16519 0
5541 16536 16553 0
5548 16556 16563 0
5553 16569 16572 0
5554 16574 16584 0
5559 16585 16587 0
5562 16594 16598 -2
5564 16604 16606 -5
5572 16625 16640 0
5576 16641 16657 0
5588 16676 16691 0
5595 16694 16693 -2
5596 16697 16703 0
5598 16704 16707 0
5604 16721 16739 0
5609 16744 16742 -5
5615 16760 16762 0
5619 16775 16788 0
5626 16796 16811 0
5630 16811 16827 0
5634 16827 16828 0
5637 16839 16836 -5
5645 16863 16870 0
5651 16878 16882 0
5656 16894 16913 0
5663 16917 16925 0
5671 16939 16942 0
5675 16950 16953 0
5678 16960 16965 0
5681 16970 16970 -4
5683 16979 16991 -4
5687 16995 16993 -4
5689 17004 17006 -5
5692 17015 17018 0
5695 17025 17025 -4
5696 17030 17047 0
5704 17054 17056 -5
5707 17060 17069 -4
5713 17079 17093 0
5718 17101 17107 -5
5720 17107 17114 0
5722 17114 17116 0
5728 17134 17143 0
5731 17145 17162 -2
5738 17164 17166 0
5743 17175 17195 0
5752 17199 17205 -4
5754 17207 17218 0
5758 17221 17232 -1
5761 17232 17233 0
5764 17240 17239 -3
5768 17250 17255 0
5772 17259 17268 0
5776 17273 17281 -3
5778 17281 17282 0
5781 17290 17303 -3
5789 17315 17328 0
5794 17334 17336 -5
5796 17340 17345 0
5800 17350 17370 0
5809 17386 17403 0
5817 17411 17422 0
5823 17431 17433 0
5825 17440 17444 -5
5827 17446 17456 0
5833 17470 17479 0
5836 17481 17483 0
5844 17502 17520 0
5851 17523 17543 0
5857 17545 17549 0
5859 17549 17553 0
5863 17558 17561 0
5864 17561 17568 0
5866 17569 17576 0
5868 17576 17577 0
5872 17588 17590 0
5875 17593 17608 -3
5882 17613 17617 -4
5885 17621 17631 -1
5891 17642 17644 0
5892 17644 17660 0
5902 17671 17676 0
5906 17682 17701 0
5914 17706 17707 -1
5915 17707 17711 0
5919 17717 17723 0
5922 17724 17725 0
5928 17740 17742 0
5930 17748 17746 -3
5931 17749 17768 0
5941 17781 17789 0
5944 17791 17792 0
5946 17798 17807 0
5952 17819 17829 0
5955 17830 17836 0
5957 17837 17849 0
5962 17852 17871 0
5968 17873 17891 0
5976 17892 17905 -1
5983 17908 17909 -3
5984 17912 17918 0
5991 17930 17933 0
5993 17938 17939 -4
5995 17944 17944 -4
5996 17946 17947 0
6007 17977 17991 0
6014 17999 18011 0
6018 18016 18029 -3
6023 18032 18038 -3
6028 18044 18064 0
6039 18072 18076 0
6045 18086 18103 0
6056 18112 18113 0
6067 18146 18153 0
6070 18156 18170 -3
6076 18172 18189 0
6084 18190 18193 0
6086 18199 18201 0
6088 18204 18210 0
6091 18211 18216 0
6093 18218 18225 0
6097 18231 18233 0
6100 18237 18248 -2
6104 18250 18259 0
6110 18264 18267 -2
6111 18268 18272 0
6113 18278 18282 0
6115 18285 18303 0
6121 18307 18317 0
6124 18317 18334 0
6133 18339 18340 0
6134 18340 18359 0
6141 18362 18360 -3
6142 18366 18382 0
6152 18389 18390 0
6154 18395 18401 -4
6156 18402 18412 0
6162 18422 18431 0
6168 18435 18454 0
6176 18460 18479 0
6184 18482 18482 -3
6193 18509 18528 0
6199 18528 18536 0
6203 18545 18555 0
6207 18555 18565 0
6216 18586 18597 0
6220 18598 18616 -1
6225 18619 18620 0
6228 18629 18635 -2
6235 18650 18653 0
6236 18653 18657 0
6238 18658 18666 0
6242 18671 18683 -1
6253 18704 18710 0
6260 18728 18736 0
6266 18744 18750 0
6280 18781 18799 0
6287 18800 18802 0
6291 18808 18825 0
6296 18828 18837 0
6300 18841 18848 0
6304 18851 18862 0
6307 18863 18865 0
6310 18871 18870 -4
6311 18876 18882 0
6315 18890 18897 0
6320 18902 18918 -3
6327 18921 18930 -2
6331 18934 18933 -2
6332 18936 18941 0
6334 18946 18962 0
6340 18962 18972 0
6344 18976 18980 -3
6347 18988 18989 0
6351 18997 19001 0
6357 19015 19024 0
6363 19030 19037 0
6367 19043 19044 -5
6370 19047 19059 0
6377 19063 19063 -2
6383 19080 19083 0
6385 19088 19090 -5
6386 19090 19092 0
6392 19103 19123 0
6397 19125 19130 0
6400 19138 19135 -4
6404 19148 19158 0
6408 19158 19165 0
6410 19166 19172 0
6415 19181 19182 0
6418 19190 19195 0
6423 19208 19213 0
6425 19215 19217 -2
6426 19217 19218 0
6428 19221 19240 0
6434 19241 19242 0
6443 19266 19276 0
6446 19277 19285 0
6450 19292 19298 -5
6452 19298 19311 0
6457 19321 19328 0
6464 19340 19355 0
6468 19355 19369 0
6475 19382 19383 0
6483 19403 19416 0
6489 19420 19418 -3
6496 19439 19454 0
6507 19472 19482 0
6513 19490 19504 0
6521 19521 19531 0
6529 19542 19561 0
6537 19573 19576 0
6543 19595 19600 0
6551 19615 19621 0
6559 19636 19654 0
6569 19665 19674 0
6573 19677 19681 0
6575 19685 19690 0
6580 19699 19709 0
6587 19711 19722 -2
6590 19722 19742 0
6597 19746 19749 -1
6601 19759 19766 0
6607 19775 19790 0
6613 19793 19796 -3
6619 19810 19816 0
6621 19819 19826 0
6626 19831 19833 0
6627 19833 19835 0
6629 19838 19845 0
6633 19850 19853 0
6637 19856 19867 0
6642 19874 19876 -5
6647 19889 19895 0
6650 19897 19901 0
6653 19906 19908 -3
6656 19914 19932 0
6663 19934 19938 0
6673 19960 19967 0
6675 19967 19968 0
6679 19978 19981 0
6683 19991 20003 0
6688 20009 20011 -5
6689 20014 20015 0
6693 20024 20033 0
6696 20034 20039 0
6698 20043 20054 0
6705 20064 20071 0
6710 20078 20085 0
6713 20087 20091 0
6720 20110 20113 0
6726 20124 20142 0
6733 20142 20151 0
6736 20151 20161 0
6741 20165 20163 -3
6742 20169 20184 0
6751 20189 20192 0
6752 20194 20202 0
6756 20206 20216 -2
6767 20232 20234 0
6769 20237 20239 -2
6770 20240 20259 0
6777 20261 20265 0
6779 20265 20272 0
6784 20280 20290 0
6790 20293 20311 0
6797 20311 20314 0
6800 20319 20331 -4
6808 20338 20341 -3
6814 20351 20352 0
6818 20362 20365 0
6824 20381 20382 0
6829 20394 20404 0
6833 20408 20410 0
6840 20423 20436 0
6844 20440 20450 0
6850 20453 20462 -1
6855 20470 20485 0
6859 20485 20489 0
6862 20500 20510 -5
6870 20522 20533 0
6874 20535 20552 -1
6878 20552 20572 0
6885 20576 20573 -4
6894 20597 20599 0
6896 20605 20613 -3
6900 20620 20622 0
6903 20628 20636 -4
6907 20637 20646 0
6912 20658 20660 0
6913 20662 20675 0
6917 20676 20693 -1
6926 20708 20714 0
6929 20716 20719 0
6933 20729 20730 0
6936 20738 20745 0
6941 20752 20757 0
6943 20758 20768 0
6953 20783 20791 0
6958 20794 20811 -1
6968 20829 20843 0
6972 20846 20849 0
6975 20858 20864 -3
6979 20869 20870 0
6981 20874 20876 -4
6988 20894 20905 0
6992 20908 20927 0
6999 20927 20929 0
7001 20934 20938 0
7004 20943 20940 -4
7008 20954 20961 0
7015 20974 20994 0
7022 20999 21009 -5
7028 21020 21030 0
7041 21054 21055 0
7044 21065 21069 0
7050 21080 21099 0
7059 21106 21110 0
7060 21111 21127 0
7066 21136 21138 0
7067 21138 21152 0
7072 21153 21158 0
7075 21163 21161 -4
7080 21177 21196 0
7089 21207 21217 0
7101 21240 21258 0
7110 21269 21282 0
7115 21284 21290 -2
7122 21307 21313 0
7126 21320 21319 -3
7127 21321 21340 0
7135 21345 21356 0
7140 21361 21381 0
7151 21389 21400 0
7155 21400 21416 0
7160 21416 21420 0
7163 21430 21432 -4
7168 21443 21452 0
7173 21459 21462 0
7179 21478 21498 0
7184 21498 21515 0
7188 21516 21534 0
7193 21535 21539 0
7195 21543 21553 0
7198 21557 21571 -4
7202 21571 21584 0
7208 21592 21596 0
7210 21599 21601 -3
7212 21602 21608 0
7215 21612 21619 -4
7220 21630 21643 0
7224 21647 21652 -4
7226 21657 21658 -5
7227 21658 21669 0
7232 21674 21680 -2
7235 21682 21697 -2
7240 21701 21699 -3
7242 21710 21709 -5
7243 21711 21713 0
7246 21715 21718 -2
7247 21720 21738 0
7252 21739 21748 0
7260 21763 21775 0
7264 21775 21784 0
7268 21785 21795 0
7273 21795 21806 0
7279 21813 21827 0
7289 21838 21848 0
7296 21851 21860 -2
7300 21866 21879 -4
7309 21896 21912 0
7315 21913 21920 0
7323 21935 21945 0
7327 21945 21958 0
7332 21960 21965 -2
7337 21972 21973 0
7338 21977 21981 0
7340 21982 21988 0
7346 21998 22011 0
7350 22016 22017 -3
7352 22020 22036 -3
7362 22048 22068 0
7371 22072 22076 0
7375 22082 22087 0
7378 22092 22102 -5
7381 22103 22115 0
7388 22124 22132 0
7391 22134 22141 0
7396 22147 22152 -3
7400 22161 22162 0
7401 22163 22177 0
7406 22179 22190 -2
7411 22198 22204 -5
7413 22206 22209 0
7416 22221 22222 -5
7418 22230 22235 -4
7419 22235 22244 0
7421 22244 22257 0
7425 22258 22272 0
7431 22276 22279 -1
7435 22295 22296 0
7436 22296 22297 0
7438 22302 22304 0
7440 22309 22322 0
7446 22332 22340 0
7452 22351 22354 0
7454 22357 22369 0
7461 22374 22381 -4
7464 22385 22393 0
7474 22409 22411 0
7477 22420 22429 0
7484 22435 22443 0
7492 22463 22481 0
7497 22483 22491 0
7507 22516 22533 0
7515 22542 22562 0
7523 22567 22568 -3
7525 22569 22571 -1
7526 22573 22593 0
7536 22601 22618 0
7549 22639 22658 0
7558 22667 22682 0
7564 22685 22683 -3
7566 22692 22705 -2
7570 22707 22709 0
7574 22719 22727 0
7580 22734 22746 0
7585 22747 22748 0
7589 22761 22762 0
7590 22763 22767 0
7594 22770 22787 0
7601 22792 22794 -2
7603 22797 22812 -3
7609 22812 22817 0
7611 22817 22820 0
7613 22820 22840 0
7625 22850 22869 0
7632 22871 22878 0
7635 22880 22890 -2
7641 22896 22907 0
7648 22913 22918 0
7650 22919 22920 0
7654 22928 22940 0
7659 22941 22943 -1
7671 22970 22983 0
7677 22987 22985 -3
7680 22998 23017 0
7687 23021 23034 0
7702 23062 23065 0
7708 23083 23090 0
7711 23090 23104 0
7717 23111 23115 -5
7718 23115 23116 0
7722 23126 23130 0
7726 23135 23136 0
7728 23140 23143 -2
7729 23144 23159 0
7737 23161 23163 0
7744 23183 23186 0
7747 23194 23205 0
7752 23207 23220 -1
7756 23221 23230 0
7763 23232 23236 0
7764 23236 23237 0
7768 23244 23255 0
7772 23259 23272 -2
7777 23273 23281 0
7784 23300 23316 0
7791 23323 23326 -5
7792 23328 23332 0
7796 23342 23345 0
7799 23351 23350 -4
7800 23355 23362 0
7803 23368 23364 -5
7805 23372 23371 -2
7807 23375 23382 -2
7811 23391 23407 0
7819 23417 23422 0
7827 23442 23452 0
7832 23458 23461 -4
7833 23461 23479 0
7841 23481 23483 0
7844 23487 23489 -3
7851 23506 23508 0
7854 23514 23525 0
7865 23541 23545 0
7869 23557 23564 0
7874 23567 23574 0
7880 23584 23594 0
7882 23594 23595 0
7888 23613 23627 0
7898 23644 23661 0
7908 23676 23690 0
7911 23690 23691 0
7913 23692 23694 0
7915 23699 23715 0
7921 23721 23719 -4
7923 23729 23729 -4
7927 23741 23757 0
7942 23776 23777 0
7943 23779 23798 0
7961 23830 23849 0
7969 23860 23876 0
7976 23878 23887 -1
7980 23895 23895 -5
7983 23906 23910 0
7986 23915 23924 -4
7991 23927 23927 -3
7995 23937 23939 0
7998 23947 23953 0
8003 23959 23966 0
8008 23976 23979 0
8010 23982 23992 -1
8014 23994 24011 0
8024 24024 24039 0
8031 24045 24047 0
8034 24054 24057 -3
8038 24066 24077 0
8043 24081 24092 -4
8049 24103 24106 0
8051 24109 24117 -2
8055 24117 24119 0
8057 24123 24126 0
8060 24129 24135 -3
8067 24154 24158 0
8071 24162 24171 -4
8076 24177 24196 0
8087 24205 24225 0
8096 24232 24247 0
8102 24254 24259 0
8105 24262 24273 -2
8111 24276 24281 -3
8118 24297 24299 0
8119 24302 24312 0
8123 24313 24332 0
8130 24333 24337 -1
8133 24345 24353 0
8138 24359 24366 0
8147 24380 24395 0
8156 24411 24425 0
8163 24431 24441 0
8169 24444 24448 -2
8173 24453 24456 -1
8175 24459 24462 -1
8178 24466 24467 0
8186 24491 24495 0
8194 24513 24526 0
8198 24530 24539 0
8203 24544 24559 -1
8209 24566 24563 -4
8210 24570 24572 0
8216 24580 24583 0
8218 24585 24600 0
8226 24607 24609 0
8227 24611 24627 0
8238 24643 24656 0
8247 24667 24677 0
8252 24678 24688 0
8260 24697 24714 0
8268 24730 24734 0
8270 24735 24738 0
8274 24746 24748 0
8276 24748 24768 0
8283 24774 24776 -5
8284 24778 24782 0
8286 24784 24785 0
8289 24795 24803 -2
8295 24818 24830 0
8299 24834 24838 -4
8310 24861 24865 0
8311 24866 24867 0
8314 24874 24889 -1
8321 24894 24904 -3
8331 24917 24925 0
8334 24926 24943 0
8340 24949 24954 -4
8344 24957 24957 -1
8345 24962 24964 0
8347 24967 24985 0
8355 24986 25004 -1
8363 25006 25011 0
8365 25011 25013 0
8368 25019 25026 -2
8371 25026 25032 0
8374 25037 25044 -1
8377 25048 25048 -4
8384 25069 25071 0
8386 25073 25081 0
8393 25093 25098 0
8397 25101 25104 0
8399 25109 25106 -4
8401 25112 25113 -2
8404 25121 25125 0
8408 25136 25141 0
8409 25141 25142 0
8415 25155 25157 0
8416 25159 25167 0
8421 25174 25190 0
8431 25207 25210 0
8433 25212 25215 -1
8442 25234 25249 0
8450 25257 25267 0
8461 25292 25305 0
8465 25307 25309 0
8473 25333 25351 0
8480 25357 25366 0
8485 25374 25383 -4
8491 25389 25397 0
8495 25400 25402 -1
8497 25404 25415 -1
8505 25421 25431 0
8510 25434 25433 -2
8512 25440 25443 -3
8513 25445 25458 0
8519 25462 25469 -4
8530 25492 25496 0
8531 25497 25502 0
8533 25502 25503 0
8536 25512 25511 -2
8540 25521 25537 0
8546 25542 25540 -4
8548 25552 25554 -5
8549 25556 25560 0
8554 25571 25573 0
8556 25579 25594 -3
8564 25595 25596 -1
8565 25598 25617 0
8572 25618 25619 0
8574 25626 25633 0
8577 25634 25635 0
8579 25638 25645 0
8583 25652 25657 0
8586 25660 25661 0
8594 25686 25694 0
8598 25694 25697 0
8600 25701 25713 0
8604 25715 25720 0
8606 25721 25726 0
8610 25736 25745 0
8615 25752 25760 0
8619 25765 25767 -4
8621 25771 25774 -4
8625 25787 25791 0
8631 25804 25822 0
8637 25830 25837 -5
8639 25837 25838 0
8643 25847 25854 0
8646 25856 25857 0
8648 25860 25867 0
8651 25868 25873 0
8657 25886 25890 0
8660 25892 25912 0
8669 25916 25928 -3
8677 25937 25938 0
8678 25938 25944 0
8682 25945 25947 0
8693 25975 25994 0
8701 26001 26006 -4
8707 26018 26023 0
8713 26035 26055 0
8720 26059 26064 -4
8722 26067 26072 -3
8724 26073 26093 0
8732 26093 26095 0
8734 26098 26113 0
8740 26117 26121 -2
8742 26125 26126 -3
8745 26137 26142 0
8747 26145 26156 0
8750 26157 26159 0
8753 26171 26168 -4
8760 26194 26198 0
8763 26203 26208 -2
8768 26217 26222 0
8772 26228 26229 -4
8774 26233 26241 -3
8778 26246 26246 -5
8783 26258 26271 0
8793 26289 26302 0
8807 26326 26333 0
8811 26339 26358 0
8817 26358 26370 0
8822 26370 26376 0
8825 26379 26381 0
8828 26388 26388 -2
8829 26389 26406 0
8836 26410 26415 -1
8840 26423 26439 0
8850 26455 26474 0
8858 26480 26495 0
8864 26500 26498 -3
8865 26505 26506 0
8868 26514 26516 -4
8872 26525 26528 0
8873 26528 26540 0
8878 26541 26548 0
8883 26559 26578 0
8891 26588 26608 0
8898 26609 26620 0
8904 26630 26639 0
8908 26641 26645 -2
8909 26645 26658 0
8915 26662 26669 -3
8919 26670 26670 -1
8920 26672 26685 0
8925 26691 26690 -5
8926 26694 26702 0
8931 26708 26722 0
8936 26726 26740 -4
8944 26751 26761 0
8946 26761 26763 0
8948 26767 26770 0
8953 26784 26796 0
8960 26800 26813 0
8965 26818 26817 -2
8974 26849 26864 0
8981 26866 26873 0
8984 26876 26879 0
8986 26881 26886 0
8988 26888 26891 0
8993 26902 26919 0
8997 26919 26932 0
9003 26941 26954 0
9009 26960 26974 -5
9016 26982 26988 0
9025 27001 27019 0
9034 27027 27034 0
9037 27039 27041 -2
9038 27043 27048 0
9040 27052 27062 0
9044 27066 27074 0
9049 27083 27101 0
9058 27111 27113 0
9061 27119 27118 -4
9063 27122 27129 -2
9068 27139 27140 0
9070 27143 27143 -2
9076 27158 27167 0
9078 27167 27175 0
9083 27183 27201 0
9091 27203 27203 -1
9093 27208 27209 -3
9097 27218 27224 0
9102 27228 27233 0
9106 27241 27244 -4
9107 27245 27246 0
9112 27257 27262 0
9113 27262 27268 0
9115 27268 27277 0
9120 27280 27286 -3
9124 27292 27290 -4
9126 27298 27300 -5
9128 27308 27304 -5
9130 27312 27310 -3
9135 27325 27334 0
9139 27340 27353 -4
9143 27354 27355 0
9147 27362 27364 0
9152 27375 27380 0
9155 27383 27385 -2
9156 27385 27397 0
9164 27405 27411 0
9175 27439 27459 0
9184 27468 27470 -5
9193 27496 27516 0
9200 27519 27520 0
9203 27528 27537 -1
9211 27554 27557 0
9215 27571 27572 0
9218 27579 27599 0
9225 27600 27613 -1
9229 27615 27630 0
9235 27636 27635 -5
9237 27642 27650 -3
9243 27658 27659 0
9245 27665 27666 -4
9252 27681 27693 0
9258 27693 27700 0
9261 27704 27710 0
9267 27720 27724 0
9270 27727 27734 -2
9275 27738 27739 -3
9277 27744 27743 -2
9279 27752 27759 -3
9285 27772 27773 0
9287 27782 27780 -5
9292 27798 27804 0
9296 27812 27828 0
9304 27833 27844 0
9309 27850 27851 -5
9311 27853 27863 -2
9322 27880 27889 0
9328 27891 27902 -2
9335 27913 27921 0
9337 27921 27925 0
9343 27942 27961 0
9350 27966 27968 -3
9354 27981 27986 0
9356 27990 27989 -4
9360 28002 28003 0
9361 28006 28024 0
9367 28030 28027 -4
9369 28037 28051 -4
9374 28054 28053 -3
9378 28066 28075 0
9389 28099 28114 0
9400 28135 28137 0
9401 28137 28141 0
9406 28154 28173 0
9417 28178 28185 -5
9420 28187 28198 -1
9426 28202 28214 0
9429 28214 28218 0
9433 28228 28230 0
9435 28234 28233 -3
9447 28272 28283 0
9452 28285 28289 -2
9454 28291 28293 -1
9456 28299 28311 -5
9461 28314 28321 0
9467 28333 28343 0
9473 28355 28367 0
9480 28380 28395 0
9487 28404 28405 0
9488 28409 28411 0
9490 28414 28416 0
9495 28429 28438 0
9498 28440 28450 0
9501 28451 28460 -1
9506 28469 28476 0
9510 28477 28483 0
9513 28484 28493 -1
9516 28497 28503 -4
9526 28534 28549 0
9533 28556 28564 0
9537 28570 28590 0
9549 28612 28618 0
9553 28626 28628 0
9555 28632 28651 0
9565 28659 28662 0
9568 28665 28666 -2
9573 28678 28680 0
9574 28682 28690 0
9577 28691 28695 -1
9580 28700 28712 0
9585 28715 28724 -3
9591 28726 28728 0
9597 28742 28745 0
9601 28753 28760 0
9604 28764 28778 -3
9610 28781 28786 -3
9620 28802 28803 0
9622 28809 28819 -2
9627 28825 28832 -4
9632 28843 28853 0
9636 28854 28855 0
9639 28862 28861 -3
9644 28872 28878 0
9647 28882 28897 -3
9656 28905 28914 0
9663 28928 28937 0
9667 28939 28946 -1
9670 28948 28951 0
9674 28959 28965 0
9676 28966 28978 0
9683 28980 28984 -1
9687 28990 29003 0
9695 29013 29028 0
9700 29028 29035 0
9712 29064 29076 0
9717 29079 29081 -3
9721 29088 29101 0
9727 29104 29117 0
9733 29119 29129 -1
9738 29136 29140 0
9741 29146 29145 -4
9749 29165 29181 0
9757 29191 29202 0
9763 29212 29217 0
9767 29220 29221 0
9769 29227 29240 0
9776 29249 29253 0
9779 29259 29261 0
9792 29292 29295 0
9794 29301 29304 -4
9797 29311 29311 -5
9799 29319 29318 -3
9802 29327 29336 0
9806 29339 29346 -1
9812 29352 29361 0
9815 29366 29366 -4
9817 29370 29374 -1
9820 29383 29383 -5
9827 29400 29405 0
9831 29413 29414 0
9832 29418 29430 0
9842 29446 29449 0
9845 29455 29468 -2
9852 29474 29481 -3
9854 29482 29491 0
9857 29492 29504 0
9863 29509 29522 -4
9869 29526 29531 -3
9872 29531 29548 0
9879 29552 29571 0
9885 29577 29577 -5
9888 29586 29604 0
9897 29614 29615 0
9899 29619 29621 -3
9901 29624 29628 -2
9903 29628 29637 0
9907 29640 29659 -1
9916 29664 29666 0
9920 29671 29688 0
9928 29692 29706 -1
9936 29713 29732 0
9945 29744 29746 0
9946 29747 29755 0
9953 29772 29786 0
9961 29799 29814 0
9970 29827 29841 0
9975 29841 29851 0
9980 29854 29865 -2
9984 29870 29872 -3
9985 29874 29885 0
9991 29891 29891 -4
9994 29900 29901 0
9997 29904 29909 0
